[[242,  0,  0,  1,  0,  1,  0,  0,  0,  1,  0,  2,  0,  6,  5, 46,  4,  7,
    1,  3],
 [  1,284, 13, 14,  8, 17,  5,  1,  0,  4,  3, 16,  7,  0, 10,  3,  2,  1,
    0,  0],
 [  0, 21,263, 49,  5, 13,  2,  2,  3,  4,  2, 15,  1,  1,  6,  4,  2,  1,
    0,  0],
 [  1,  8, 17,307, 16,  4,  8,  1,  1,  1,  1,  5, 12,  0,  7,  1,  1,  0,
    1,  0],
 [  1,  2,  7, 15,321,  1, 10,  8,  0,  2,  2,  5,  5,  0,  3,  1,  2,  0,
    0,  0],
 [  1, 29, 11,  8,  6,320,  1,  0,  0,  1,  0,  9,  1,  1,  4,  1,  2,  0,
    0,  0],
 [  1,  2,  4, 39, 13,  1,264, 14, 10,  6,  7,  0,  9,  6,  3,  2,  5,  2,
    1,  1],
 [  0,  2,  2,  2,  0,  1,  3,362,  6,  3,  2,  2,  2,  1,  2,  0,  4,  0,
    2,  0],
 [  0,  0,  0,  1,  0,  0,  1,  7,385,  0,  0,  2,  1,  0,  0,  0,  1,  0,
    0,  0],
 [  0,  0,  0,  0,  1,  0,  1,  2,  1,370, 18,  1,  0,  0,  0,  0,  1,  2,
    0,  0],
 [  0,  0,  0,  0,  0,  0,  0,  0,  0,  3,393,  1,  0,  0,  0,  2,  0,  0,
    0,  0],
 [  0,  0,  1,  0,  0,  1,  1,  3,  1,  1,  1,381,  1,  2,  1,  0,  1,  0,
    1,  0],
 [  3,  5,  3, 18,  8,  0,  7,  6,  5,  2,  2, 36,266,  6, 12,  6,  2,  3,
    3,  0],
 [  2,  2,  1,  3,  1,  3,  2,  0,  3,  7,  4,  8,  5,314,  4, 20,  4,  3,
    9,  1],
 [  0,  4,  0,  0,  0,  3,  0,  2,  1,  0,  0,  2,  3,  4,370,  1,  1,  2,
    1,  0],
 [  4,  0,  1,  1,  0,  0,  0,  0,  1,  1,  1,  0,  0,  2,  2,381,  0,  0,
    0,  4],
 [  1,  0,  0,  1,  0,  0,  1,  0,  1,  1,  0,  5,  0,  1,  1,  3,343,  1,
    4,  1],
 [  1,  1,  0,  0,  0,  1,  0,  0,  0,  1,  1,  1,  0,  0,  0,  4,  2,362,
    2,  0],
 [  2,  1,  0,  0,  1,  0,  0,  1,  0,  0,  1,  6,  0,  1,  8,  8,102,  5,
  174,  0],
 [ 43,  0,  1,  0,  0,  0,  0,  0,  0,  0,  0,  0,  0,  3,  5, 69, 27,  2,
    4, 97]]