[[238   0   0   1   0   1   0   0   2   2   0   3   1  11   6  35   3   5
    1  10]
 [  1 288  16   5   8  21   3   3   1   5   5  12   5   4   7   1   1   2
    0   1]
 [  0  15 283  28  14  13   3   1   4   5   4   8   1   3   7   1   0   2
    0   2]
 [  3  10  25 277  15   4  11   2   4   3   0   6  18   1   8   0   1   2
    1   1]
 [  1   4   4  27 316   2   6   3   1   2   2   2   6   1   4   1   2   0
    1   0]
 [  2  29  16   1   3 326   3   0   1   1   0   1   1   3   6   1   1   0
    0   0]
 [  0   2   1  29  12   0 297  12   6   3   3   1   9   4   2   1   4   1
    2   1]
 [  0   1   0   2   1   0   2 358   7   3   2   1  12   3   1   0   2   1
    0   0]
 [  0   0   0   1   0   0   1   4 388   0   1   0   0   3   0   0   0   0
    0   0]
 [  0   0   0   0   1   0   2   0   0 369  23   0   0   0   0   0   1   1
    0   0]
 [  0   0   0   0   0   0   0   0   0   2 395   1   0   0   0   1   0   0
    0   0]
 [  0   0   0   0   1   0   1   0   0   3   0 382   0   2   2   1   2   0
    2   0]
 [  5   4   5  19   7   2   8   6   7   8   1  28 260   7  14   5   1   3
    3   0]
 [  3   1   0   4   1   2   2   0   3   6   3   1   4 348   2   4   3   3
    5   1]
 [  0   4   0   0   1   1   0   0   1   0   1   1   1   2 378   1   1   0
    2   0]
 [  9   0   1   1   0   0   0   0   1   1   1   0   0   3   3 371   0   0
    0   7]
 [  1   1   0   0   0   0   1   1   1   2   1   5   0   1   2   0 343   1
    3   1]
 [  8   3   0   0   0   3   0   0   0   1   4   1   0   1   0   0   1 350
    4   0]
 [  4   1   0   0   0   0   1   0   1   1   4   4   0   3   8   2  96   3
  180   2]
 [ 39   0   1   1   0   0   2   1   0   5   0   0   0   5   5  54  19   5
    5 109]]